# Created by Octave 4.2.2, Tue Aug 13 18:37:37 2019 -03 <eadam@eduardo-adam>
# name: T_sp
# type: scalar
1


# name: T_l1
# type: scalar
10


# name: T_l2
# type: scalar
20


# name: TFinal
# type: scalar
30


# name: amplitud_sp
# type: scalar
1


# name: amplitud_l1
# type: scalar
1


# name: amplitud_l2
# type: scalar
1


# name: haChCons
# type: scalar
1


# name: haChCarga1
# type: scalar
1


# name: haChCarga2
# type: scalar
1


